0.0067
Woodhaven Blvd, 13 79 2, 18 62 22, 31 36 60, 35 28 70, 52 11 90
Dry Harbor Rd, 0 38 96, 18 62 3
63rd Ave, 14 19 4, 24 23 15, 35 28 30, 44 33 42, 45 35 45, 49 40 50, 57 54 70, 60 58 81
Alderton St, 18 62 4, 48 57 60, 57 54 70, 79 46 100, 87 43 110, 96 39 117
62nd Dr, 17 29 0, 31 36 10, 36 37 15, 48 57 50
Eliot Ave, 13 79 6, 20 83 18
Austin St, 20 83 4, 87 58 66
63rd Dr, 52 11 3, 58 13 10, 67 27 16, 71 32 20, 79 46 32, 87 58 42
84th Pi, 37 6 105, 24 23 77, 17 29 49
84th St, 0 38 3, 14 19 46, 30 0 96
Penelope Ave, 30 0 2, 37 6 20, 52 11 40
Carlton St, 45 35 0, 67 27 70, 79 23 100, 88 22 120
Bourton St, 49 40 2, 71 32 96
Ellwell Crescent, 79 23 98, 81 33 46, 87 43 4
Dieterle Crescent, 88 22 98, 90 29 30, 96 39 0
